45
21
63
10
32
43
83
66
88
28
49
84
56
22
11
38
69
57
96
91
85
70
54
59
48
41
34
5
79
1
100
31
47
50
65
92
15
19
25
42
94
8
36
95
3
30
87
76
46
75
98
78
9
99
55
80
61
13
93
77
20
6
53
74
37
23
52
97
90
71
58
40
18
72
67
29
27
7
82
89
17
51
26
4
2
35
39
62
12
73
86
68
14
33
60
44
16
24
81
64
64
81
24
16
44
60
33
14
68
86
73
12
62
39
35
2
4
26
51
17
89
82
7
27
29
67
72
18
40
58
71
90
97
52
23
37
74
53
6
20
77
93
13
61
80
55
99
9
78
98
75
46
76
87
30
3
95
36
8
94
42
25
19
15
92
65
50
47
31
100
1
79
5
34
41
48
59
54
70
85
91
96
57
69
38
11
22
56
84
49
28
88
66
83
43
32
10
63
21
45
0.217
