10
2
3
7
5
6
4
8
1
9
9
1
8
4
6
5
7
3
2
10
0
1
2
8
4
6
5
7
3
9
10
10
9
3
7
5
6
4
8
2
1
0
9
1
3
4
5
6
7
8
2
10
10
2
8
7
6
5
4
3
1
9
0
1
2
3
7
6
5
4
8
9
10
10
9
8
4
5
6
7
3
2
1
0
10
2
8
4
5
6
7
3
9
1
1
9
3
7
6
5
4
8
2
10
0
1
2
3
4
5
6
7
8
9
10
10
9
8
7
6
5
4
3
2
1
0
10
2
8
7
6
5
4
3
9
1
1
9
3
4
5
6
7
8
2
10
0
10
9
8
7
5
6
4
3
2
1
1
2
3
4
6
5
7
8
9
10
0
10
9
8
7
5
6
4
3
2
1
1
2
3
4
6
5
7
8
9
10
0
10
9
8
4
6
5
7
3
2
1
1
2
3
7
5
6
4
8
9
10
0.001
10
9
8
7
5
6
4
3
2
1
1
2
3
4
6
5
7
8
9
10
0
1
2
8
7
5
6
4
3
9
10
10
9
3
4
6
5
7
8
2
1
0
1
9
3
7
5
6
4
8
2
10
10
2
8
4
6
5
7
3
9
1
0.001
10
9
8
4
6
5
7
3
2
1
1
2
3
7
5
6
4
8
9
10
0
1
2
8
7
5
6
4
3
10
9
9
10
3
4
6
5
7
8
2
1
0
1
9
8
7
6
5
4
3
10
2
2
10
3
4
5
6
7
8
9
1
0
4
3
1
2
2
1
3
4
0
1
4
2
3
3
2
4
1
0
4
3
1
2
2
1
3
4
0
1
2
4
3
3
4
2
1
0
1
2
4
3
3
4
2
1
0
100
2
3
4
96
95
7
93
92
10
90
89
88
87
86
16
84
83
82
20
80
22
23
24
25
26
74
28
72
71
70
32
33
34
35
36
64
38
62
61
41
42
58
57
45
55
54
53
52
51
50
49
48
47
46
56
44
43
59
60
40
39
63
37
65
66
67
68
69
31
30
29
73
27
75
76
77
78
79
21
81
19
18
17
85
15
14
13
12
11
91
9
8
94
6
5
97
98
1
99
99
1
98
97
5
6
94
8
9
91
11
12
13
14
15
85
17
18
19
81
21
79
78
77
76
75
27
73
29
30
31
69
68
67
66
65
37
63
39
40
60
59
43
44
56
46
47
48
49
50
51
52
53
54
55
45
57
58
42
41
61
62
38
64
36
35
34
33
32
70
71
72
28
74
26
25
24
23
22
80
20
82
83
84
16
86
87
88
89
90
10
92
93
7
95
96
4
3
2
100
0.019
